0

0, 0, 1, 2,1, 0
1, 0, 0, 2,1, 0
2, 0,-1, 2,1, 0

3, -1,0, 2,1, 90
4,  0,0, 2,1, 90
5,  1,0, 2,1, 90

6,  -0.5, 1, 1,1, 0
7,   0.5, 1, 1,1, 0
8,  -0.5, 0, 1,1, 0
9,   0.5, 0, 1,1, 0
10, -0.5,-1, 1,1, 0
11,  0.5,-1, 1,1, 0

12, -1, 0.5, 1,1, 90
13, -1,-0.5, 1,1, 90
14,  0, 0.5, 1,1, 90
15,  0,-0.5, 1,1, 90
16,  1, 0.5, 1,1, 90
17,  1,-0.5, 1,1, 90

18, 0,0, 3,1, 45
19, 0,0, 3,1, 135

20, -0.5, 0.5, 1.5,1, 45
21, -0.5, 0.5, 1.5,1, 135
22,  0.5, 0.5, 1.5,1, 45
23,  0.5, 0.5, 1.5,1, 135
24, -0.5,-0.5, 1.5,1, 45
25, -0.5,-0.5, 1.5,1, 135
26,  0.5,-0.5, 1.5,1, 45
27,  0.5,-0.5, 1.5,1, 135

28, -0.2,0.8, 0.6,1, 90
29,  0.2,0.8, 0.6,1, 90

$

' ', 1.0
'A', 1.0, 13,21,22,17,1
'B', 1.0, 3,6,22,1,17,2
'C', 1.0, 3,0,2
'D', 1.0, 3,6,22,17,2
'E', 1.0, 3,0,1,2
'F', 1.0, 3,0,1
'G', 1.0, 3,0,2,17,9
'H', 1.0, 3,1,5
'I', 1.0, 0,4,2
'J', 1.0, 5,2,13
'K', 1.0, 3,8,23,26
'L', 1.0, 3,2
'M', 1.0, 3,20,23,5
'N', 1.0, 3,18,5
'O', 1.0, 21,24,27,22
'P', 1.0, 3,0,16,1
'Q', 1.0, 21,24,27,22,26
'R', 1.0, 3,0,16,1,26
'S', 1.0, 7,21,1,27,10
'T', 1.0, 0,4
'U', 1.0, 3,2,5
'V', 1.0, 12,24,27,16
'W', 1.0, 3,25,26,5
'X', 1.0, 18,19
'Y', 1.0, 20,23,15
'Z', 1.0, 0,19,2
'0', 1.0, 0,3,2,5
'1', 1.0, 4
'2', 1.0, 0,16,1,13,2
'3', 1.0, 0,5,1,2
'4', 1.0, 12,1,5
'5', 1.0, 0,12,1,17,2
'6', 1.0, 3,2,17,1
'7', 1.0, 0,5
'8', 1.0, 0,3,2,5,1
'9', 1.0, 0,12,1,5
'.', 1.0, 28,29
